8/October/2018  20:11:57

0 0 0 0 0 0 0 0 0 0 
1 0 0 0 0 0 0 0 0 0 
2 0 0 0 0 0 0 0 0 0 
3 0 0 0 0 0 0 0 0 0 
4 0 0 0 0 0 0 0 0 0 
5 0 0 0 0 0 0 0 0 30 
6 0 0 0 0 0 0 0 0 60 
7 1 0 50 0 0 0 0 0 10 
8 0 0 10 0 0 0 0 50 0 
9 1 45 15 0 0 0 0 0 0 
10 0 10 50 0 0 0 0 0 0 
11 0 0 40 0 0 0 5 0 0 
12 1 0 30 20 0 0 0 0 0 
13 0 0 0 60 0 0 0 0 0 
14 0 0 0 60 0 0 0 0 0 
15 1 0 30 30 0 0 4 0 0 
16 0 0 0 60 0 0 0 0 0 
17 1 0 20 0 0 0 0 40 0 
18 0 0 0 0 0 0 7 0 60 
19 0 0 0 0 0 0 0 0 20 
20 0 0 0 0 0 0 0 0 0 
21 0 0 0 0 0 0 0 0 0 
22 0 0 0 0 0 0 0 0 0 
23 0 0 0 0 0 0 0 0 0 