9/October/2018  22:11:1

0 0 0 0 0 0 0 0 0 0 
1 0 0 0 0 0 0 0 0 0 
2 0 0 0 0 0 0 0 0 0 
3 0 0 0 0 0 0 0 0 0 
4 0 0 0 0 0 0 0 0 0 
5 0 0 0 0 0 0 0 0 30 
6 0 0 0 0 0 0 0 0 60 
7 0 0 50 0 0 0 11 0 10 
8 1 0 60 0 0 0 0 0 0 
9 0 40 20 0 0 0 0 0 0 
10 1 0 60 0 0 0 0 0 0 
11 0 30 20 0 0 0 0 0 0 
12 0 60 0 0 0 0 0 0 0 
13 1 10 0 50 0 0 0 0 0 
14 0 0 0 60 0 0 0 0 0 
15 0 0 30 30 0 0 0 0 0 
16 1 0 0 0 60 0 0 0 0 
17 1 0 0 0 0 0 0 0 0 
18 0 0 0 0 0 0 0 0 40 
19 0 0 0 0 0 0 0 0 0 
20 1 0 60 0 0 0 6 0 0 
21 0 0 30 0 0 0 0 30 0 
22 1 0 40 0 0 0 0 0 0 
23 0 0 0 0 0 0 0 0 0 