25/October/2018  20:31:49

0 0 0 0 0 0 0 0 0 0 0 
1 0 0 0 0 0 0 0 0 0 0 
2 0 0 0 0 0 0 0 0 0 0 
3 0 0 0 0 0 0 0 0 0 0 
4 0 0 0 0 0 0 0 0 0 0 
5 0 0 0 0 0 0 0 0 0 0 
6 0 0 0 0 0 0 0 0 0 0 
7 1 0 30 0 0 0 0 0 0 0 
8 1 0 60 0 0 0 3 0 0 0 
9 0 0 0 0 0 0 0 60 0 0 
10 0 0 0 0 0 0 0 50 0 0 
11 1 0 30 0 0 0 0 0 0 30 
12 0 0 0 0 0 0 9 0 0 50 
13 1 0 40 0 0 0 0 0 0 20 
14 0 0 0 0 0 0 0 0 0 60 
15 1 0 0 0 0 0 3 60 0 0 
16 0 0 0 0 0 0 0 30 0 30 
17 0 0 20 0 0 0 0 0 0 20 
18 0 0 0 0 0 0 0 0 60 0 
19 1 0 0 0 0 0 0 0 0 0 
20 0 0 0 0 0 0 0 20 0 0 
21 0 0 0 0 0 0 0 0 0 0 
22 0 0 0 0 0 0 0 0 0 0 
23 0 0 0 0 0 0 0 0 0 0 