5/November/2018  20:50:0

0 0 0 0 0 0 0 0 0 0 0 
1 0 0 0 0 0 0 0 0 0 0 
2 0 0 0 0 0 0 0 0 0 0 
3 0 0 0 0 0 0 0 0 0 0 
4 0 0 0 0 0 0 0 0 0 0 
5 0 0 0 0 0 0 0 0 30 0 
6 0 0 0 0 0 0 0 0 50 0 
7 1 0 0 30 0 0 0 0 0 0 
8 1 60 0 0 0 0 0 0 0 0 
9 0 60 0 0 0 0 0 0 0 0 
10 1 40 0 0 20 0 0 0 0 0 
11 0 0 0 40 0 0 0 20 0 0 
12 1 0 0 30 0 0 0 30 0 0 
13 0 0 0 0 0 0 0 40 0 0 
14 1 0 60 0 0 0 10 0 0 0 
15 0 60 0 0 0 0 0 0 0 0 
16 1 50 0 0 0 0 0 0 0 0 
17 0 0 0 0 0 0 0 0 0 0 
18 2 0 0 0 0 0 0 0 60 0 
19 1 0 0 0 0 0 0 0 0 0 
20 1 0 30 0 0 0 0 0 0 0 
21 0 0 0 0 0 0 0 0 0 0 
22 0 0 0 0 0 0 0 0 0 0 
23 0 0 0 0 0 0 0 0 0 0  