22/November/2018  15:17:22

0 0 0 0 0 0 0 0 0 0 0 
1 0 0 0 0 0 0 0 0 0 0 
2 0 0 0 0 0 0 0 0 0 0 
3 0 0 0 0 0 0 0 0 0 0 
4 0 0 0 0 0 0 0 0 0 0 
5 0 0 0 0 0 0 0 0 0 0 
6 0 0 0 0 0 0 0 0 45 0 
7 1 0 60 0 0 0 0 0 0 0 
8 0 0 60 0 0 0 0 0 0 0 
9 1 0 0 0 0 0 0 0 0 60 
10 1 0 0 40 0 0 0 0 0 0 
11 0 0 40 0 0 0 0 0 0 0 
12 0 0 40 0 0 0 0 0 0 20 
13 1 0 30 0 0 0 0 0 0 30 
14 1 0 0 0 0 0 0 0 0 60 
15 0 0 0 0 0 0 0 0 0 0 
16 0 0 0 0 0 0 0 0 0 0 
17 0 0 0 0 0 0 0 0 0 0 
18 0 0 0 0 0 0 0 0 0 0 
19 0 0 0 0 0 0 0 0 0 0 
20 0 0 0 0 0 0 0 0 0 0 
21 0 0 0 0 0 0 0 0 0 0 
22 0 0 0 0 0 0 0 0 0 0 
23 0 0 0 0 0 0 0 0 0 0 