30/December/2018  22:22:25

0 0 0 0 0 0 0 0 0 0 0 
1 0 0 0 0 0 0 0 0 0 0 
2 0 0 0 0 0 0 0 0 0 0 
3 0 0 0 0 0 0 0 0 0 0 
4 0 0 0 0 0 0 0 0 0 0 
5 0 0 0 0 0 0 0 0 0 0 
6 0 0 0 0 0 0 0 0 0 0 
7 0 0 0 0 0 0 0 0 0 0 
8 0 0 0 0 0 0 0 0 0 0 
9 0 0 0 0 0 0 0 0 0 0 
10 0 0 0 0 0 0 0 0 0 0 
11 0 0 0 0 0 0 0 0 0 0 
12 0 0 30 0 0 0 0 0 0 0 
13 1 0 60 0 0 0 0 0 0 0 
14 0 0 60 0 0 0 0 0 0 0 
15 1 0 60 0 0 0 0 0 0 0 
16 0 0 0 0 0 0 0 0 0 60 
17 1 0 40 0 0 0 0 0 0 20 
18 0 0 40 20 0 0 8 0 0 0 
19 1 0 60 0 0 0 0 0 0 0 
20 0 0 0 0 0 0 0 0 0 60 
21 1 0 60 0 0 0 0 0 0 0 
22 0 0 20 0 0 0 0 0 0 40 
23 0 0 0 0 0 0 0 0 0 0 