7/January/2019  18:38:2

0 0 0 0 0 0 0 0 0 0 0 
1 0 0 0 0 0 0 0 0 0 0 
2 1 60 0 0 0 0 0 0 0 0 
3 0 30 0 0 0 0 0 0 0 30 
4 0 0 40 0 0 0 0 0 0 20 
5 1 30 30 0 0 0 0 0 0 0 
6 0 60 0 0 0 0 0 0 0 0 
7 0 50 0 0 0 0 0 0 0 0 
8 1 0 60 0 0 0 0 0 0 0 
9 1 0 30 30 0 0 30 0 0 0 
10 0 0 60 0 0 0 0 0 0 0 
11 0 0 60 0 0 0 0 0 0 0 
12 0 0 60 0 0 0 0 0 0 0 
13 0 0 60 0 0 0 0 0 0 0 
14 4 60 0 0 0 0 0 0 0 0 
15 0 60 0 0 0 0 0 0 0 0 
16 1 0 0 0 60 0 0 0 0 0 
17 1 0 0 0 60 0 0 0 0 0 
18 0 40 0 0 0 0 0 0 0 0 
19 0 0 0 0 0 0 0 0 0 0 
20 0 0 0 0 0 0 0 0 0 0 
21 0 0 0 0 0 0 0 0 0 0 
22 0 0 0 0 0 0 0 0 0 0 
23 0 0 0 0 0 0 0 0 0 0 