20/January/2019  23:35:49

0 0 0 0 0 0 0 0 0 0 0 
1 0 0 0 0 0 0 0 0 0 0 
2 0 0 0 0 0 0 0 0 0 0 
3 0 0 0 0 0 0 0 0 0 0 
4 0 0 0 0 0 0 0 0 0 0 
5 0 0 0 0 0 0 0 0 0 0 
6 0 0 0 0 0 0 0 0 0 0 
7 0 0 0 0 0 0 0 0 0 0 
8 0 0 0 0 0 0 0 0 0 0 
9 0 0 0 0 0 0 0 0 0 0 
10 0 0 0 0 0 0 0 0 0 0 
11 0 0 0 0 0 0 0 0 0 0 
12 4 0 360 0 0 0 0 0 0 0 
13 0 0 0 0 0 0 0 0 0 0 
14 0 0 0 0 0 0 0 0 0 0 
15 0 0 0 0 0 0 0 0 0 0 
16 0 0 0 0 0 0 0 0 0 0 
17 0 0 0 0 0 0 0 0 0 0 
18 0 60 0 0 0 0 0 0 0 0 
19 2 180 0 0 0 0 0 0 0 0 
20 0 0 0 0 0 0 0 0 0 0 
21 0 0 0 0 0 0 0 0 0 0 
22 2 0 120 0 0 0 0 0 0 0 
23 0 0 0 0 0 0 0 0 0 0 